55467
29485
34723
47163
42264
33239
60956
33124
13994
50767
25027
49789
6973
63569
6353
49451
42197
49044
11526
64386
6288
62879
974
42274
21561
56089
42048
29780
64813
19137
2857
61251
27958
49432
3937
45297
54801
22344
44311
52466
1956
13818
1108
28418
2276
12818
8598
37378
15665
9651
56732
38773
10433
39940
3907
12070
27619
49627
44610
19611
12199
31056
54129
28585
50183
26168
8667
48363
29025
52768
44795
58531
43516
64430
1703
41106
40451
17329
11374
17902
18842
56761
14115
3686
4954
2869
16254
64415
63020
56059
14220
41714
36323
35850
61673
29895
38718
50547
8996
51871
804
43804
58688
60087
28585
11115
29753
24129
4227
41344
45094
12823
427
15928
51526
42882
62200
18591
45326
17782
45044
41042
2223
20730
27946
31359
10632
18243
243
53346
11232
48098
23261
42235
22679
54070
5828
11082
35299
46010
61890
63230
43448
39338
921
2890
45224
32339
55560
40728
29045
26988
8061
24261
48031
54536
21059
27381
17607
65277
27061
11584
40274
27174
42892
46991
45980
10833
19779
58795
293
15298
62443
2603
4665
7808
54573
64776
16747
7045
9317
55922
2128
2297
31390
22777
28026
33069
49491
3642
53263
24622
15364
15837
33377
62398
43213
26577
27258
46019
39345
64615
51311
5042
25681
45019
37312
10941
27067
26358
48830
38564
11504
46095
56707
17973
12806
11018
7509
21297
690
19576
24611
61837
56520
34705
15778
53792
29933
30960
65430
25398
10476
32004
43116
47107
56007
20738
61269
54131
11550
32892
40803
49376
50218
61553
64609
39091
41326
61235
14338
62874
23750
49926
53128
52079
26829
64556
1129
14632
21509
37477
58686
11681
217
38373
22091
18889
40446
33037
48595
46146
5043
52817
57148
55503
2765
44493
46042
47976
25817
41867
53473
27053
17119
37690
63981
40938
46911
41964
42697
16216
12312
22275
31819
13231
6181
52349
29449
48441
15579
9520
50652
17407
12113
11507
56788
18225
7016
25499
37791
13195
53960
20655
1952
55917
63760
571
29852
31735
8480
10346
9382
20250
6695
27918
45011
50458
54007
13440
63421
28968
56530
44218
44218
8783
18755
64531
18920
58540
2552
4907
18000
61559
7035
29047
6926
6306
11525
27090
50141
49555
36291
49295
36794
24837
25682
63303
44492
48406
25778
10263
36576
44942
48451
55908
22605
56910
326
60174
39412
18582
47233
10549
51367
33931
36132
7080
43233
16343
996
64064
36196
56033
17482
64900
47779
32539
53482
65280
15548
47018
38570
272
23189
38666
28623
40615
36855
46641
61819
58969
37304
41135
172
36971
32159
30482
32039
27047
39550
1118
7460
52489
18359
9805
536
63655
13545
4365
22162
20273
11869
40985
29662
21266
43001
60770
17847
33546
23169
53221
22378
42485
21704
37355
45658
29965
40862
12063
22096
42278
16074
10832
2660
51404
59039
39856
54869
25211
5131
29055
63827
16516
28493
6208
22966
9931
3943
23300
29233
9849
39176
27315
49654
23779
34320
41515
59206
14711
36515
63345
19471
45791
4331
42387
48200
54804
1162
43628
16991
62105
2441
19526
14525
63087
13236
14584
60857
46631
33222
36748
25029
19088
24298
35297
17497
2451
62564
43785
11161
7096
31593
39764
12975
16189
44057
58071
25685
58664
2299
53395
8009
47269
17897
17835
37626
36157
49392
11132
30792
10625
49872
53056
50858
61942
34473
38998
44574
59223
21509
54674
64389
3105
61339
7304
64662
11283
27749
47516
19398
17629
52209
27402
51286
52797
43211
27313
40173
47400
21565
7109
9304
54735
53343
27033
55832
4005
985
34107
18459
32982
34093
40714
5602
13527
45810
540
23673
48973
15490
34609
8042
51818
13905
16037
2669
59885
48615
59985
12104
22117
42592
1008
42030
31711
46772
39102
21161
18245
29196
55706
38506
58237
59289
26290
9159
45669
36202
49235
3226
4768
4243
62135
12411
19003
24401
14926
22682
21279
1824
38848
10411
27194
35924
53410
47893
2173
20931
18956
36784
15990
24760
18181
40804
29682
15125
1155
13600
64847
26212
47496
15101
17473
36336
55847
10876
57789
42723
61991
50563
46864
5004
46512
17592
5391
13550
24163
11292
21935
31614
20372
31124
65323
56356
12086
14237
58244
36096
59641
37452
33956
16598
22540
39592
59538
24564
59468
48655
37430
19740
21417
16869
24256
58233
35473
34865
62845
33676
53255
36303
27872
10010
31391
38697
60146
45902
42157
53977
50846
45790
17866
25273
63887
38000
49421
39387
15572
47558
21451
49361
44183
1697
4808
40971
17890
6528
15830
49683
31845
1979
48651
33518
51734
59744
7983
55308
48975
64218
25691
23049
19516
53723
49075
43128
52202
33738
41074
15688
39646
34080
18213
16946
36425
3598
20500
56396
37588
30854
32307
41388
45567
4583
48891
55339
8227
28146
32897
37881
11016
19706
18490
34375
38487
29530
10545
4314
22479
28553
36291
8269
44489
48669
29109
5460
12034
12899
63455
10882
61322
11980
28897
57784
60396
25854
51410
1762
7638
22933
42641
16170
29817
18007
45815
16589
13148
42620
50762
6667
17451
26256
35333
6707
59304
31746
16821
20446
65434
25198
23126
18564
17284
28150
27105
2169
62537
1310
60250
40147
46127
6527
7321
21420
45286
49147
29838
34797
14492
44714
39242
3500
37455
62245
5794
2144
47155
9991
18241
15836
39384
13616
31918
38306
20162
53269
60732
15571
8639
41791
58259
2269
23951
8092
6292
61376
3279
17980
42992
22803
32190
48930
14471
20587
56962
50458
25926
15769
1151
23328
16469
19093
49476
61263
41789
28446
42415
2486
31045
45158
57497
9692
2065
19638
58857
3038
35778
43307
42300
19622
2467
8118
31026
17277
44324
34462
20885
47357
8390
5687
24493
63435
19924
24168
13568
34168
38050
20899
36378
26850
39390
7845
11473
52891
3678
5033
13305
17023
39975
5530
29208
40677
18278
10582
15777
13629
56016
3550
50035
48187
20220
12640
33950
56534
53637
12707
53904
7119
5603
16327
15652
41267
50359
57587
32040
31997
10590
44617
37745
28498
1808
34805
49530
36527
51409
40567
6241
65106
61581
19358
36530
3662
52141
53064
37027
54314
29976
5217
35253
33367
8081
60795
63029
25815
32400
6077
40752
36354
177
29492
44
30220
60560
33469
50172
24237
28918
32923
20711
26795
25195
20681
38185
24296
56428
54370
32558
10391
55848
43870
41272
11864
19435
12428
35563
19099
18814
26769
1125
55508
276
